{
 "cells": [
  {
   "cell_type": "markdown",
   "id": "ede2a2ef-88ce-4576-a0ae-351fa349a5d6",
   "metadata": {},
   "source": [
    "# Adults Income dataset kNN model and interactive visualisations using Plotly Dash"
   ]
  },
  {
   "cell_type": "markdown",
   "id": "bbc4280e",
   "metadata": {},
   "source": [
    "### Few notes before:\n",
    "- to interact and view visualisations you must run notebook, run time in free Google Colab is ~60 sec so I strongly encourege you to try it\n",
    "- Notebook is optimised, some parts of the code are commented out so it wouldn't take much resources\n",
    "\n",
    "**_Enjoy!_**"
   ]
  },
  {
   "cell_type": "markdown",
   "id": "144d283f",
   "metadata": {},
   "source": [
    "Installing and importing crucial packages"
   ]
  },
  {
   "cell_type": "code",
   "execution_count": null,
   "id": "5cff1bce",
   "metadata": {},
   "outputs": [],
   "source": [
    "!pip install dash\n",
    "!pip install jupyter_dash"
   ]
  },
  {
   "cell_type": "code",
   "execution_count": 265,
   "id": "03ec9e53-f3b1-4db5-89f1-4a4b917bdab2",
   "metadata": {},
   "outputs": [],
   "source": [
    "import pandas as pd\n",
    "import numpy as np\n",
    "from sklearn.preprocessing import LabelEncoder\n",
    "import plotly.express as px\n",
    "from dash import Dash, dcc, html, Input, Output\n",
    "\n",
    "from sklearn.model_selection import train_test_split\n",
    "from sklearn.linear_model import LogisticRegression\n",
    "from sklearn.tree import DecisionTreeClassifier\n",
    "from sklearn.neighbors import KNeighborsClassifier\n",
    "from sklearn.discriminant_analysis import LinearDiscriminantAnalysis\n",
    "from sklearn.naive_bayes import GaussianNB\n",
    "from sklearn.svm import SVC\n",
    "from sklearn.linear_model import SGDClassifier\n",
    "from sklearn.metrics import accuracy_score\n",
    "from sklearn.metrics import mean_squared_error\n",
    "from sklearn.feature_selection import SelectKBest\n",
    "from sklearn.feature_selection import chi2\n",
    "from sklearn.linear_model import LogisticRegression\n",
    "from sklearn.decomposition import PCA\n",
    "from sklearn.ensemble import ExtraTreesClassifier\n",
    "from pandas.plotting import scatter_matrix"
   ]
  },
  {
   "cell_type": "markdown",
   "id": "325926ef",
   "metadata": {},
   "source": [
    "Loading Adults Income dataset and gathering informations about data types and quality of data."
   ]
  },
  {
   "cell_type": "code",
   "execution_count": 266,
   "id": "aa5292b5-0dd3-4fde-b5e3-53580b321090",
   "metadata": {},
   "outputs": [
    {
     "name": "stdout",
     "output_type": "stream",
     "text": [
      "<class 'pandas.core.frame.DataFrame'>\n",
      "RangeIndex: 48842 entries, 0 to 48841\n",
      "Data columns (total 14 columns):\n",
      " #   Column          Non-Null Count  Dtype \n",
      "---  ------          --------------  ----- \n",
      " 0   age             48842 non-null  int64 \n",
      " 1   workclass       48842 non-null  object\n",
      " 2   fnlwgt          48842 non-null  int64 \n",
      " 3   education       48842 non-null  object\n",
      " 4   marital-status  48842 non-null  object\n",
      " 5   occupation      48842 non-null  object\n",
      " 6   relationship    48842 non-null  object\n",
      " 7   race            48842 non-null  object\n",
      " 8   gender          48842 non-null  object\n",
      " 9   capital-gain    48842 non-null  int64 \n",
      " 10  capital-loss    48842 non-null  int64 \n",
      " 11  hours-per-week  48842 non-null  int64 \n",
      " 12  native-country  48842 non-null  object\n",
      " 13  income          48842 non-null  object\n",
      "dtypes: int64(5), object(9)\n",
      "memory usage: 5.2+ MB\n"
     ]
    }
   ],
   "source": [
    "df = pd.read_csv('adult.csv')\n",
    "df.drop(columns=['educational-num'], axis=1, inplace=True)\n",
    "df.info()"
   ]
  },
  {
   "cell_type": "code",
   "execution_count": 267,
   "id": "bf8602ce-abcb-4f96-9bdd-19c4dd20c7e8",
   "metadata": {},
   "outputs": [
    {
     "data": {
      "text/html": [
       "<div>\n",
       "<style scoped>\n",
       "    .dataframe tbody tr th:only-of-type {\n",
       "        vertical-align: middle;\n",
       "    }\n",
       "\n",
       "    .dataframe tbody tr th {\n",
       "        vertical-align: top;\n",
       "    }\n",
       "\n",
       "    .dataframe thead th {\n",
       "        text-align: right;\n",
       "    }\n",
       "</style>\n",
       "<table border=\"1\" class=\"dataframe\">\n",
       "  <thead>\n",
       "    <tr style=\"text-align: right;\">\n",
       "      <th></th>\n",
       "      <th>age</th>\n",
       "      <th>workclass</th>\n",
       "      <th>fnlwgt</th>\n",
       "      <th>education</th>\n",
       "      <th>marital-status</th>\n",
       "      <th>occupation</th>\n",
       "      <th>relationship</th>\n",
       "      <th>race</th>\n",
       "      <th>gender</th>\n",
       "      <th>capital-gain</th>\n",
       "      <th>capital-loss</th>\n",
       "      <th>hours-per-week</th>\n",
       "      <th>native-country</th>\n",
       "      <th>income</th>\n",
       "    </tr>\n",
       "  </thead>\n",
       "  <tbody>\n",
       "    <tr>\n",
       "      <th>0</th>\n",
       "      <td>25</td>\n",
       "      <td>Private</td>\n",
       "      <td>226802</td>\n",
       "      <td>11th</td>\n",
       "      <td>Never-married</td>\n",
       "      <td>Machine-op-inspct</td>\n",
       "      <td>Own-child</td>\n",
       "      <td>Black</td>\n",
       "      <td>Male</td>\n",
       "      <td>0</td>\n",
       "      <td>0</td>\n",
       "      <td>40</td>\n",
       "      <td>United-States</td>\n",
       "      <td>&lt;=50K</td>\n",
       "    </tr>\n",
       "    <tr>\n",
       "      <th>1</th>\n",
       "      <td>38</td>\n",
       "      <td>Private</td>\n",
       "      <td>89814</td>\n",
       "      <td>HS-grad</td>\n",
       "      <td>Married-civ-spouse</td>\n",
       "      <td>Farming-fishing</td>\n",
       "      <td>Husband</td>\n",
       "      <td>White</td>\n",
       "      <td>Male</td>\n",
       "      <td>0</td>\n",
       "      <td>0</td>\n",
       "      <td>50</td>\n",
       "      <td>United-States</td>\n",
       "      <td>&lt;=50K</td>\n",
       "    </tr>\n",
       "    <tr>\n",
       "      <th>2</th>\n",
       "      <td>28</td>\n",
       "      <td>Local-gov</td>\n",
       "      <td>336951</td>\n",
       "      <td>Assoc-acdm</td>\n",
       "      <td>Married-civ-spouse</td>\n",
       "      <td>Protective-serv</td>\n",
       "      <td>Husband</td>\n",
       "      <td>White</td>\n",
       "      <td>Male</td>\n",
       "      <td>0</td>\n",
       "      <td>0</td>\n",
       "      <td>40</td>\n",
       "      <td>United-States</td>\n",
       "      <td>&gt;50K</td>\n",
       "    </tr>\n",
       "    <tr>\n",
       "      <th>3</th>\n",
       "      <td>44</td>\n",
       "      <td>Private</td>\n",
       "      <td>160323</td>\n",
       "      <td>Some-college</td>\n",
       "      <td>Married-civ-spouse</td>\n",
       "      <td>Machine-op-inspct</td>\n",
       "      <td>Husband</td>\n",
       "      <td>Black</td>\n",
       "      <td>Male</td>\n",
       "      <td>7688</td>\n",
       "      <td>0</td>\n",
       "      <td>40</td>\n",
       "      <td>United-States</td>\n",
       "      <td>&gt;50K</td>\n",
       "    </tr>\n",
       "    <tr>\n",
       "      <th>4</th>\n",
       "      <td>18</td>\n",
       "      <td>?</td>\n",
       "      <td>103497</td>\n",
       "      <td>Some-college</td>\n",
       "      <td>Never-married</td>\n",
       "      <td>?</td>\n",
       "      <td>Own-child</td>\n",
       "      <td>White</td>\n",
       "      <td>Female</td>\n",
       "      <td>0</td>\n",
       "      <td>0</td>\n",
       "      <td>30</td>\n",
       "      <td>United-States</td>\n",
       "      <td>&lt;=50K</td>\n",
       "    </tr>\n",
       "  </tbody>\n",
       "</table>\n",
       "</div>"
      ],
      "text/plain": [
       "   age  workclass  fnlwgt     education      marital-status  \\\n",
       "0   25    Private  226802          11th       Never-married   \n",
       "1   38    Private   89814       HS-grad  Married-civ-spouse   \n",
       "2   28  Local-gov  336951    Assoc-acdm  Married-civ-spouse   \n",
       "3   44    Private  160323  Some-college  Married-civ-spouse   \n",
       "4   18          ?  103497  Some-college       Never-married   \n",
       "\n",
       "          occupation relationship   race  gender  capital-gain  capital-loss  \\\n",
       "0  Machine-op-inspct    Own-child  Black    Male             0             0   \n",
       "1    Farming-fishing      Husband  White    Male             0             0   \n",
       "2    Protective-serv      Husband  White    Male             0             0   \n",
       "3  Machine-op-inspct      Husband  Black    Male          7688             0   \n",
       "4                  ?    Own-child  White  Female             0             0   \n",
       "\n",
       "   hours-per-week native-country income  \n",
       "0              40  United-States  <=50K  \n",
       "1              50  United-States  <=50K  \n",
       "2              40  United-States   >50K  \n",
       "3              40  United-States   >50K  \n",
       "4              30  United-States  <=50K  "
      ]
     },
     "execution_count": 267,
     "metadata": {},
     "output_type": "execute_result"
    }
   ],
   "source": [
    "df.head()"
   ]
  },
  {
   "cell_type": "markdown",
   "id": "f05b776b",
   "metadata": {},
   "source": [
    "Dataset doesnt have null values but \"?\" values occur, so we can drop those records contaning them."
   ]
  },
  {
   "cell_type": "code",
   "execution_count": 268,
   "id": "59d9e818",
   "metadata": {},
   "outputs": [
    {
     "data": {
      "text/plain": [
       "age               0\n",
       "workclass         0\n",
       "fnlwgt            0\n",
       "education         0\n",
       "marital-status    0\n",
       "occupation        0\n",
       "relationship      0\n",
       "race              0\n",
       "gender            0\n",
       "capital-gain      0\n",
       "capital-loss      0\n",
       "hours-per-week    0\n",
       "native-country    0\n",
       "income            0\n",
       "dtype: int64"
      ]
     },
     "execution_count": 268,
     "metadata": {},
     "output_type": "execute_result"
    }
   ],
   "source": [
    "df.isnull().sum()"
   ]
  },
  {
   "cell_type": "code",
   "execution_count": 269,
   "id": "a8277416",
   "metadata": {},
   "outputs": [
    {
     "data": {
      "text/plain": [
       "age                  0\n",
       "workclass         2799\n",
       "fnlwgt               0\n",
       "education            0\n",
       "marital-status       0\n",
       "occupation        2809\n",
       "relationship         0\n",
       "race                 0\n",
       "gender               0\n",
       "capital-gain         0\n",
       "capital-loss         0\n",
       "hours-per-week       0\n",
       "native-country     857\n",
       "income               0\n",
       "dtype: int64"
      ]
     },
     "execution_count": 269,
     "metadata": {},
     "output_type": "execute_result"
    }
   ],
   "source": [
    "df.isin([\"?\"]).sum()"
   ]
  },
  {
   "cell_type": "code",
   "execution_count": 270,
   "id": "dce1d78a",
   "metadata": {},
   "outputs": [
    {
     "data": {
      "text/plain": [
       "Index(['age', 'workclass', 'fnlwgt', 'education', 'marital-status',\n",
       "       'occupation', 'relationship', 'race', 'gender', 'capital-gain',\n",
       "       'capital-loss', 'hours-per-week', 'native-country', 'income'],\n",
       "      dtype='object')"
      ]
     },
     "execution_count": 270,
     "metadata": {},
     "output_type": "execute_result"
    }
   ],
   "source": [
    "df.columns"
   ]
  },
  {
   "cell_type": "code",
   "execution_count": 271,
   "id": "2a2a1b12",
   "metadata": {},
   "outputs": [
    {
     "data": {
      "text/plain": [
       "age               0\n",
       "workclass         0\n",
       "fnlwgt            0\n",
       "education         0\n",
       "marital-status    0\n",
       "occupation        0\n",
       "relationship      0\n",
       "race              0\n",
       "gender            0\n",
       "capital-gain      0\n",
       "capital-loss      0\n",
       "hours-per-week    0\n",
       "native-country    0\n",
       "income            0\n",
       "dtype: int64"
      ]
     },
     "execution_count": 271,
     "metadata": {},
     "output_type": "execute_result"
    }
   ],
   "source": [
    "df[\"workclass\"] = df[\"workclass\"].replace(\"?\", np.nan)\n",
    "df[\"occupation\"] = df[\"occupation\"].replace(\"?\", np.nan)\n",
    "df[\"native-country\"] = df[\"native-country\"].replace(\"?\", np.nan)\n",
    "df.isin([\"?\"]).sum()"
   ]
  },
  {
   "cell_type": "code",
   "execution_count": 272,
   "id": "abc3da9f",
   "metadata": {},
   "outputs": [
    {
     "data": {
      "text/plain": [
       "(45222, 14)"
      ]
     },
     "execution_count": 272,
     "metadata": {},
     "output_type": "execute_result"
    }
   ],
   "source": [
    "df.dropna(how = \"any\", inplace = True)\n",
    "df.shape"
   ]
  },
  {
   "cell_type": "markdown",
   "id": "e0db4236",
   "metadata": {},
   "source": [
    "And here we can see dataset contains small number of duplicates"
   ]
  },
  {
   "cell_type": "code",
   "execution_count": 273,
   "id": "41599234",
   "metadata": {},
   "outputs": [
    {
     "data": {
      "text/plain": [
       "(45175, 14)"
      ]
     },
     "execution_count": 273,
     "metadata": {},
     "output_type": "execute_result"
    }
   ],
   "source": [
    "df = df.drop_duplicates()\n",
    "df.shape"
   ]
  },
  {
   "cell_type": "code",
   "execution_count": 274,
   "id": "e5a0ab99",
   "metadata": {},
   "outputs": [
    {
     "data": {
      "text/html": [
       "<div>\n",
       "<style scoped>\n",
       "    .dataframe tbody tr th:only-of-type {\n",
       "        vertical-align: middle;\n",
       "    }\n",
       "\n",
       "    .dataframe tbody tr th {\n",
       "        vertical-align: top;\n",
       "    }\n",
       "\n",
       "    .dataframe thead th {\n",
       "        text-align: right;\n",
       "    }\n",
       "</style>\n",
       "<table border=\"1\" class=\"dataframe\">\n",
       "  <thead>\n",
       "    <tr style=\"text-align: right;\">\n",
       "      <th></th>\n",
       "      <th>age</th>\n",
       "      <th>workclass</th>\n",
       "      <th>fnlwgt</th>\n",
       "      <th>education</th>\n",
       "      <th>marital-status</th>\n",
       "      <th>occupation</th>\n",
       "      <th>relationship</th>\n",
       "      <th>race</th>\n",
       "      <th>gender</th>\n",
       "      <th>capital-gain</th>\n",
       "      <th>capital-loss</th>\n",
       "      <th>hours-per-week</th>\n",
       "      <th>native-country</th>\n",
       "      <th>income</th>\n",
       "    </tr>\n",
       "  </thead>\n",
       "  <tbody>\n",
       "    <tr>\n",
       "      <th>0</th>\n",
       "      <td>25</td>\n",
       "      <td>Private</td>\n",
       "      <td>226802</td>\n",
       "      <td>11th</td>\n",
       "      <td>Never-married</td>\n",
       "      <td>Machine-op-inspct</td>\n",
       "      <td>Own-child</td>\n",
       "      <td>Black</td>\n",
       "      <td>Male</td>\n",
       "      <td>0</td>\n",
       "      <td>0</td>\n",
       "      <td>40</td>\n",
       "      <td>United-States</td>\n",
       "      <td>&lt;=50K</td>\n",
       "    </tr>\n",
       "    <tr>\n",
       "      <th>1</th>\n",
       "      <td>38</td>\n",
       "      <td>Private</td>\n",
       "      <td>89814</td>\n",
       "      <td>HS-grad</td>\n",
       "      <td>Married-civ-spouse</td>\n",
       "      <td>Farming-fishing</td>\n",
       "      <td>Husband</td>\n",
       "      <td>White</td>\n",
       "      <td>Male</td>\n",
       "      <td>0</td>\n",
       "      <td>0</td>\n",
       "      <td>50</td>\n",
       "      <td>United-States</td>\n",
       "      <td>&lt;=50K</td>\n",
       "    </tr>\n",
       "    <tr>\n",
       "      <th>2</th>\n",
       "      <td>28</td>\n",
       "      <td>Local-gov</td>\n",
       "      <td>336951</td>\n",
       "      <td>Assoc-acdm</td>\n",
       "      <td>Married-civ-spouse</td>\n",
       "      <td>Protective-serv</td>\n",
       "      <td>Husband</td>\n",
       "      <td>White</td>\n",
       "      <td>Male</td>\n",
       "      <td>0</td>\n",
       "      <td>0</td>\n",
       "      <td>40</td>\n",
       "      <td>United-States</td>\n",
       "      <td>&gt;50K</td>\n",
       "    </tr>\n",
       "    <tr>\n",
       "      <th>3</th>\n",
       "      <td>44</td>\n",
       "      <td>Private</td>\n",
       "      <td>160323</td>\n",
       "      <td>Some-college</td>\n",
       "      <td>Married-civ-spouse</td>\n",
       "      <td>Machine-op-inspct</td>\n",
       "      <td>Husband</td>\n",
       "      <td>Black</td>\n",
       "      <td>Male</td>\n",
       "      <td>7688</td>\n",
       "      <td>0</td>\n",
       "      <td>40</td>\n",
       "      <td>United-States</td>\n",
       "      <td>&gt;50K</td>\n",
       "    </tr>\n",
       "    <tr>\n",
       "      <th>5</th>\n",
       "      <td>34</td>\n",
       "      <td>Private</td>\n",
       "      <td>198693</td>\n",
       "      <td>10th</td>\n",
       "      <td>Never-married</td>\n",
       "      <td>Other-service</td>\n",
       "      <td>Not-in-family</td>\n",
       "      <td>White</td>\n",
       "      <td>Male</td>\n",
       "      <td>0</td>\n",
       "      <td>0</td>\n",
       "      <td>30</td>\n",
       "      <td>United-States</td>\n",
       "      <td>&lt;=50K</td>\n",
       "    </tr>\n",
       "    <tr>\n",
       "      <th>...</th>\n",
       "      <td>...</td>\n",
       "      <td>...</td>\n",
       "      <td>...</td>\n",
       "      <td>...</td>\n",
       "      <td>...</td>\n",
       "      <td>...</td>\n",
       "      <td>...</td>\n",
       "      <td>...</td>\n",
       "      <td>...</td>\n",
       "      <td>...</td>\n",
       "      <td>...</td>\n",
       "      <td>...</td>\n",
       "      <td>...</td>\n",
       "      <td>...</td>\n",
       "    </tr>\n",
       "    <tr>\n",
       "      <th>48837</th>\n",
       "      <td>27</td>\n",
       "      <td>Private</td>\n",
       "      <td>257302</td>\n",
       "      <td>Assoc-acdm</td>\n",
       "      <td>Married-civ-spouse</td>\n",
       "      <td>Tech-support</td>\n",
       "      <td>Wife</td>\n",
       "      <td>White</td>\n",
       "      <td>Female</td>\n",
       "      <td>0</td>\n",
       "      <td>0</td>\n",
       "      <td>38</td>\n",
       "      <td>United-States</td>\n",
       "      <td>&lt;=50K</td>\n",
       "    </tr>\n",
       "    <tr>\n",
       "      <th>48838</th>\n",
       "      <td>40</td>\n",
       "      <td>Private</td>\n",
       "      <td>154374</td>\n",
       "      <td>HS-grad</td>\n",
       "      <td>Married-civ-spouse</td>\n",
       "      <td>Machine-op-inspct</td>\n",
       "      <td>Husband</td>\n",
       "      <td>White</td>\n",
       "      <td>Male</td>\n",
       "      <td>0</td>\n",
       "      <td>0</td>\n",
       "      <td>40</td>\n",
       "      <td>United-States</td>\n",
       "      <td>&gt;50K</td>\n",
       "    </tr>\n",
       "    <tr>\n",
       "      <th>48839</th>\n",
       "      <td>58</td>\n",
       "      <td>Private</td>\n",
       "      <td>151910</td>\n",
       "      <td>HS-grad</td>\n",
       "      <td>Widowed</td>\n",
       "      <td>Adm-clerical</td>\n",
       "      <td>Unmarried</td>\n",
       "      <td>White</td>\n",
       "      <td>Female</td>\n",
       "      <td>0</td>\n",
       "      <td>0</td>\n",
       "      <td>40</td>\n",
       "      <td>United-States</td>\n",
       "      <td>&lt;=50K</td>\n",
       "    </tr>\n",
       "    <tr>\n",
       "      <th>48840</th>\n",
       "      <td>22</td>\n",
       "      <td>Private</td>\n",
       "      <td>201490</td>\n",
       "      <td>HS-grad</td>\n",
       "      <td>Never-married</td>\n",
       "      <td>Adm-clerical</td>\n",
       "      <td>Own-child</td>\n",
       "      <td>White</td>\n",
       "      <td>Male</td>\n",
       "      <td>0</td>\n",
       "      <td>0</td>\n",
       "      <td>20</td>\n",
       "      <td>United-States</td>\n",
       "      <td>&lt;=50K</td>\n",
       "    </tr>\n",
       "    <tr>\n",
       "      <th>48841</th>\n",
       "      <td>52</td>\n",
       "      <td>Self-emp-inc</td>\n",
       "      <td>287927</td>\n",
       "      <td>HS-grad</td>\n",
       "      <td>Married-civ-spouse</td>\n",
       "      <td>Exec-managerial</td>\n",
       "      <td>Wife</td>\n",
       "      <td>White</td>\n",
       "      <td>Female</td>\n",
       "      <td>15024</td>\n",
       "      <td>0</td>\n",
       "      <td>40</td>\n",
       "      <td>United-States</td>\n",
       "      <td>&gt;50K</td>\n",
       "    </tr>\n",
       "  </tbody>\n",
       "</table>\n",
       "<p>45175 rows × 14 columns</p>\n",
       "</div>"
      ],
      "text/plain": [
       "       age     workclass  fnlwgt     education      marital-status  \\\n",
       "0       25       Private  226802          11th       Never-married   \n",
       "1       38       Private   89814       HS-grad  Married-civ-spouse   \n",
       "2       28     Local-gov  336951    Assoc-acdm  Married-civ-spouse   \n",
       "3       44       Private  160323  Some-college  Married-civ-spouse   \n",
       "5       34       Private  198693          10th       Never-married   \n",
       "...    ...           ...     ...           ...                 ...   \n",
       "48837   27       Private  257302    Assoc-acdm  Married-civ-spouse   \n",
       "48838   40       Private  154374       HS-grad  Married-civ-spouse   \n",
       "48839   58       Private  151910       HS-grad             Widowed   \n",
       "48840   22       Private  201490       HS-grad       Never-married   \n",
       "48841   52  Self-emp-inc  287927       HS-grad  Married-civ-spouse   \n",
       "\n",
       "              occupation   relationship   race  gender  capital-gain  \\\n",
       "0      Machine-op-inspct      Own-child  Black    Male             0   \n",
       "1        Farming-fishing        Husband  White    Male             0   \n",
       "2        Protective-serv        Husband  White    Male             0   \n",
       "3      Machine-op-inspct        Husband  Black    Male          7688   \n",
       "5          Other-service  Not-in-family  White    Male             0   \n",
       "...                  ...            ...    ...     ...           ...   \n",
       "48837       Tech-support           Wife  White  Female             0   \n",
       "48838  Machine-op-inspct        Husband  White    Male             0   \n",
       "48839       Adm-clerical      Unmarried  White  Female             0   \n",
       "48840       Adm-clerical      Own-child  White    Male             0   \n",
       "48841    Exec-managerial           Wife  White  Female         15024   \n",
       "\n",
       "       capital-loss  hours-per-week native-country income  \n",
       "0                 0              40  United-States  <=50K  \n",
       "1                 0              50  United-States  <=50K  \n",
       "2                 0              40  United-States   >50K  \n",
       "3                 0              40  United-States   >50K  \n",
       "5                 0              30  United-States  <=50K  \n",
       "...             ...             ...            ...    ...  \n",
       "48837             0              38  United-States  <=50K  \n",
       "48838             0              40  United-States   >50K  \n",
       "48839             0              40  United-States  <=50K  \n",
       "48840             0              20  United-States  <=50K  \n",
       "48841             0              40  United-States   >50K  \n",
       "\n",
       "[45175 rows x 14 columns]"
      ]
     },
     "execution_count": 274,
     "metadata": {},
     "output_type": "execute_result"
    }
   ],
   "source": [
    "df_plots = df.copy()\n",
    "df_plots"
   ]
  },
  {
   "cell_type": "markdown",
   "id": "32afec73",
   "metadata": {},
   "source": [
    "After cleaning the data we can encode categorical data using sklearn Label Encoder."
   ]
  },
  {
   "cell_type": "code",
   "execution_count": 275,
   "id": "aa071c75",
   "metadata": {},
   "outputs": [],
   "source": [
    "label_encoder = LabelEncoder()"
   ]
  },
  {
   "cell_type": "code",
   "execution_count": 276,
   "id": "4480247a",
   "metadata": {},
   "outputs": [
    {
     "name": "stdout",
     "output_type": "stream",
     "text": [
      "Column workclass contains unique labels: ['Private' 'Local-gov' 'Self-emp-not-inc' 'Federal-gov' 'State-gov'\n",
      " 'Self-emp-inc' 'Without-pay'], represented as: [2 1 4 0 5 3 6].\n",
      "Column education contains unique labels: ['11th' 'HS-grad' 'Assoc-acdm' 'Some-college' '10th' 'Prof-school'\n",
      " '7th-8th' 'Bachelors' 'Masters' '5th-6th' 'Assoc-voc' '9th' 'Doctorate'\n",
      " '12th' '1st-4th' 'Preschool'], represented as: [ 1 11  7 15  0 14  5  9 12  4  8  6 10  2  3 13].\n",
      "Column marital-status contains unique labels: ['Never-married' 'Married-civ-spouse' 'Widowed' 'Separated' 'Divorced'\n",
      " 'Married-spouse-absent' 'Married-AF-spouse'], represented as: [4 2 6 5 0 3 1].\n",
      "Column occupation contains unique labels: ['Machine-op-inspct' 'Farming-fishing' 'Protective-serv' 'Other-service'\n",
      " 'Prof-specialty' 'Craft-repair' 'Adm-clerical' 'Exec-managerial'\n",
      " 'Tech-support' 'Sales' 'Priv-house-serv' 'Transport-moving'\n",
      " 'Handlers-cleaners' 'Armed-Forces'], represented as: [ 6  4 10  7  9  2  0  3 12 11  8 13  5  1].\n",
      "Column relationship contains unique labels: ['Own-child' 'Husband' 'Not-in-family' 'Unmarried' 'Wife' 'Other-relative'], represented as: [3 0 1 4 5 2].\n",
      "Column race contains unique labels: ['Black' 'White' 'Other' 'Amer-Indian-Eskimo' 'Asian-Pac-Islander'], represented as: [2 4 3 0 1].\n",
      "Column gender contains unique labels: ['Male' 'Female'], represented as: [1 0].\n",
      "Column native-country contains unique labels: ['United-States' 'Peru' 'Guatemala' 'Mexico' 'Dominican-Republic'\n",
      " 'Ireland' 'Germany' 'Philippines' 'Thailand' 'Haiti' 'El-Salvador'\n",
      " 'Puerto-Rico' 'Vietnam' 'South' 'Columbia' 'Japan' 'India' 'Cambodia'\n",
      " 'Poland' 'Laos' 'England' 'Cuba' 'Taiwan' 'Italy' 'Canada' 'Portugal'\n",
      " 'China' 'Nicaragua' 'Honduras' 'Iran' 'Scotland' 'Jamaica' 'Ecuador'\n",
      " 'Yugoslavia' 'Hungary' 'Hong' 'Greece' 'Trinadad&Tobago'\n",
      " 'Outlying-US(Guam-USVI-etc)' 'France' 'Holand-Netherlands'], represented as: [38 28 12 25  5 20 10 29 36 13  7 32 39 34  3 23 18  0 30 24  8  4 35 21\n",
      "  1 31  2 26 15 19 33 22  6 40 17 16 11 37 27  9 14].\n",
      "Column income contains unique labels: ['<=50K' '>50K'], represented as: [0 1].\n"
     ]
    }
   ],
   "source": [
    "columns_to_encode = ['workclass', 'education', 'marital-status', 'occupation', 'relationship', 'race', 'gender', 'native-country', 'income']\n",
    "\n",
    "for column_to_encode in columns_to_encode:\n",
    "    unique_categories = df[column_to_encode].unique() \n",
    "    df[column_to_encode]= label_encoder.fit_transform(df[column_to_encode])\n",
    "    encoded_labels = df[column_to_encode].unique()\n",
    "    print(f'Column {column_to_encode} contains unique labels: {unique_categories}, represented as: {encoded_labels}.')"
   ]
  },
  {
   "cell_type": "markdown",
   "id": "8eee0960",
   "metadata": {},
   "source": [
    "Now, we can create corelation heatmap between all features, using pearson's method."
   ]
  },
  {
   "cell_type": "code",
   "execution_count": 277,
   "id": "c49869bd",
   "metadata": {},
   "outputs": [
    {
     "name": "stdout",
     "output_type": "stream",
     "text": [
      "Top correlation:\n",
      "gender          relationship    0.583139\n",
      "marital-status  age             0.271265\n",
      "hours-per-week  relationship    0.259112\n",
      "income          relationship    0.253362\n",
      "relationship    age             0.247572\n",
      "dtype: float64\n",
      "Top 5 correlations with variable \"income\":\n",
      "age               0.236839\n",
      "hours-per-week    0.227146\n",
      "capital-gain      0.221071\n",
      "gender            0.215741\n",
      "marital-status    0.192499\n",
      "dtype: float64\n"
     ]
    },
    {
     "data": {
      "application/vnd.plotly.v1+json": {
       "config": {
        "plotlyServerURL": "https://plot.ly"
       },
       "data": [
        {
         "coloraxis": "coloraxis",
         "hovertemplate": "x: %{x}<br>y: %{y}<br>color: %{z}<extra></extra>",
         "name": "0",
         "texttemplate": "%{z}",
         "type": "heatmap",
         "x": [
          "age",
          "workclass",
          "fnlwgt",
          "education",
          "marital-status",
          "occupation",
          "relationship",
          "race",
          "gender",
          "capital-gain",
          "capital-loss",
          "hours-per-week",
          "native-country",
          "income"
         ],
         "xaxis": "x",
         "y": [
          "age",
          "workclass",
          "fnlwgt",
          "education",
          "marital-status",
          "occupation",
          "relationship",
          "race",
          "gender",
          "capital-gain",
          "capital-loss",
          "hours-per-week",
          "native-country",
          "income"
         ],
         "yaxis": "y",
         "z": [
          [
           1,
           0.08582514973767716,
           -0.07559042876425084,
           -0.0037062784112441333,
           -0.27126482052225703,
           -0.004511224312617931,
           -0.24757165278109858,
           0.02417875177286718,
           0.08192004200864705,
           0.07964936646529587,
           0.059257943794739074,
           0.10160350021771723,
           -0.0036450639059051504,
           0.23683857795380459
          ],
          [
           0.08582514973767716,
           1,
           -0.03497177053327243,
           0.017857748218924812,
           -0.03315179317954944,
           0.01752832458493882,
           -0.06508099179269719,
           0.04979872146741308,
           0.06963375898703966,
           0.034522982086105915,
           0.00820083277473255,
           0.051378403554392243,
           0.0038035732273175547,
           0.015643674709654755
          ],
          [
           -0.07559042876425084,
           -0.03497177053327243,
           1,
           -0.0252392629789794,
           0.033028800119333054,
           -0.002184075155038009,
           0.009828444590246795,
           -0.029282292495682493,
           0.027374125745618007,
           -0.0041177989336876565,
           -0.004359020335564972,
           -0.01871222714140598,
           -0.06084922712410623,
           -0.007226662050395752
          ],
          [
           -0.0037062784112441333,
           0.017857748218924812,
           -0.0252392629789794,
           1,
           -0.04147676203308801,
           -0.03354681080490226,
           -0.013248666539434082,
           0.011629998841645355,
           -0.02765543677974467,
           0.029909570707435162,
           0.0168937844211667,
           0.06112532221931133,
           0.07749098126485922,
           0.08117772775913405
          ],
          [
           -0.27126482052225703,
           -0.03315179317954944,
           0.033028800119333054,
           -0.04147676203308801,
           1,
           0.01634578401383048,
           0.18040955725270838,
           -0.07031769561675341,
           -0.11999609779278568,
           -0.04235604747445969,
           -0.03474394037301656,
           -0.1830065891054836,
           -0.022291013029845496,
           -0.19249885371813835
          ],
          [
           -0.004511224312617931,
           0.01752832458493882,
           -0.002184075155038009,
           -0.03354681080490226,
           0.01634578401383048,
           1,
           -0.05171760549732867,
           0.00003735791458212934,
           0.056852874448904515,
           0.019412182494977608,
           0.015227534226275478,
           0.016310908846075958,
           -0.002885390434067544,
           0.04975196850068825
          ],
          [
           -0.24757165278109858,
           -0.06508099179269719,
           0.009828444590246795,
           -0.013248666539434082,
           0.18040955725270838,
           -0.05171760549732867,
           1,
           -0.11849581397024798,
           -0.5831389429689129,
           -0.05685287967198903,
           -0.058470389430066716,
           -0.25911156899145527,
           -0.007231144842592234,
           -0.25336181764360094
          ],
          [
           0.02417875177286718,
           0.04979872146741308,
           -0.029282292495682493,
           0.011629998841645355,
           -0.07031769561675341,
           0.00003735791458212934,
           -0.11849581397024798,
           1,
           0.08915403873789979,
           0.014110338976996496,
           0.021003249843755765,
           0.04482576003446341,
           0.12453702198257512,
           0.07088265679515753
          ],
          [
           0.08192004200864705,
           0.06963375898703966,
           0.027374125745618007,
           -0.02765543677974467,
           -0.11999609779278568,
           0.056852874448904515,
           -0.5831389429689129,
           0.08915403873789979,
           1,
           0.047471132960982945,
           0.04648526023425069,
           0.23139205599806784,
           -0.004267131362958487,
           0.21574139339045453
          ],
          [
           0.07964936646529587,
           0.034522982086105915,
           -0.0041177989336876565,
           0.029909570707435162,
           -0.04235604747445969,
           0.019412182494977608,
           -0.05685287967198903,
           0.014110338976996496,
           0.047471132960982945,
           1,
           -0.032136886928578856,
           0.08386846544024758,
           0.007600018610163674,
           0.2210713396861936
          ],
          [
           0.059257943794739074,
           0.00820083277473255,
           -0.004359020335564972,
           0.0168937844211667,
           -0.03474394037301656,
           0.015227534226275478,
           -0.058470389430066716,
           0.021003249843755765,
           0.04648526023425069,
           -0.032136886928578856,
           1,
           0.05414144443344162,
           0.005888056590817248,
           0.14867948768228875
          ],
          [
           0.10160350021771723,
           0.051378403554392243,
           -0.01871222714140598,
           0.06112532221931133,
           -0.1830065891054836,
           0.016310908846075958,
           -0.25911156899145527,
           0.04482576003446341,
           0.23139205599806784,
           0.08386846544024758,
           0.05414144443344162,
           1,
           0.0077368022281445485,
           0.2271464131386482
          ],
          [
           -0.0036450639059051504,
           0.0038035732273175547,
           -0.06084922712410623,
           0.07749098126485922,
           -0.022291013029845496,
           -0.002885390434067544,
           -0.007231144842592234,
           0.12453702198257512,
           -0.004267131362958487,
           0.007600018610163674,
           0.005888056590817248,
           0.0077368022281445485,
           1,
           0.019855204456495683
          ],
          [
           0.23683857795380459,
           0.015643674709654755,
           -0.007226662050395752,
           0.08117772775913405,
           -0.19249885371813835,
           0.04975196850068825,
           -0.25336181764360094,
           0.07088265679515753,
           0.21574139339045453,
           0.2210713396861936,
           0.14867948768228875,
           0.2271464131386482,
           0.019855204456495683,
           1
          ]
         ]
        }
       ],
       "layout": {
        "coloraxis": {
         "colorscale": [
          [
           0,
           "#0d0887"
          ],
          [
           0.1111111111111111,
           "#46039f"
          ],
          [
           0.2222222222222222,
           "#7201a8"
          ],
          [
           0.3333333333333333,
           "#9c179e"
          ],
          [
           0.4444444444444444,
           "#bd3786"
          ],
          [
           0.5555555555555556,
           "#d8576b"
          ],
          [
           0.6666666666666666,
           "#ed7953"
          ],
          [
           0.7777777777777778,
           "#fb9f3a"
          ],
          [
           0.8888888888888888,
           "#fdca26"
          ],
          [
           1,
           "#f0f921"
          ]
         ]
        },
        "margin": {
         "t": 60
        },
        "template": {
         "data": {
          "bar": [
           {
            "error_x": {
             "color": "#2a3f5f"
            },
            "error_y": {
             "color": "#2a3f5f"
            },
            "marker": {
             "line": {
              "color": "#E5ECF6",
              "width": 0.5
             },
             "pattern": {
              "fillmode": "overlay",
              "size": 10,
              "solidity": 0.2
             }
            },
            "type": "bar"
           }
          ],
          "barpolar": [
           {
            "marker": {
             "line": {
              "color": "#E5ECF6",
              "width": 0.5
             },
             "pattern": {
              "fillmode": "overlay",
              "size": 10,
              "solidity": 0.2
             }
            },
            "type": "barpolar"
           }
          ],
          "carpet": [
           {
            "aaxis": {
             "endlinecolor": "#2a3f5f",
             "gridcolor": "white",
             "linecolor": "white",
             "minorgridcolor": "white",
             "startlinecolor": "#2a3f5f"
            },
            "baxis": {
             "endlinecolor": "#2a3f5f",
             "gridcolor": "white",
             "linecolor": "white",
             "minorgridcolor": "white",
             "startlinecolor": "#2a3f5f"
            },
            "type": "carpet"
           }
          ],
          "choropleth": [
           {
            "colorbar": {
             "outlinewidth": 0,
             "ticks": ""
            },
            "type": "choropleth"
           }
          ],
          "contour": [
           {
            "colorbar": {
             "outlinewidth": 0,
             "ticks": ""
            },
            "colorscale": [
             [
              0,
              "#0d0887"
             ],
             [
              0.1111111111111111,
              "#46039f"
             ],
             [
              0.2222222222222222,
              "#7201a8"
             ],
             [
              0.3333333333333333,
              "#9c179e"
             ],
             [
              0.4444444444444444,
              "#bd3786"
             ],
             [
              0.5555555555555556,
              "#d8576b"
             ],
